119570795
155833198701
207960969
208240234
208320897
208390974
208590990
208720889
208830343
208870038
206480081
206930779
208040297
208350144
208480382
208540405
208550575
208660264
208690460
208710340
208740911
208890165
208930296
208950372
504650480
703150582
207420728
208210752
208350810
208370733
208490020
208540638
208550156
208590589
208600495
208610036
208660630
208700515
208770231
208780093
208800697
208820443
208850574
208930856
504600217
504620579
605060900
702710105
703200491
117820376
119270924
120060892
155852559332
206650305
206720069
207630845
207730527
207780607
207850216
207880219
207910429
207960164
207960387
208130130
208280612
208280648
208290612
208290711
208320789
208340648
208350145
208570736
208750775
207610672
208140565
208290790
208350441
208350640
208430422
208490353
208490403
208520430
208520617
208520626
208530977
208560230
208560527
208560547
208570195
208570571
208590009
208680016
208680021
208700778
208720821
208740860
208790074
208860595
208870458
208900427
208930900
208930951
208940033
208950371
209020908
402670948
604820347
119380262
207270198
208100842
208290098
208450152
208470099
208480446
208520016
208540744
208560357
208600458
208610206
208650336
208670671
208680431
208750796
604840803
207090401
116550832
207090401
207150148
207990864
208160392
208410979
208500293
208540111
208570873
208590030
208590413
208590609
208630354
208680726
208790566
208820914
208850943
208860177
208880792